48,78
180,72
186,71
294,71
94,70
281,70
309,70
353,70
371,70
215,69
251,69
207,68
222,68
203,67
359,66
375,66
32,65
130,65
153,65
201,65
16,64
63,64
73,64
154,64
190,64
199,64
4,63
90,63
173,63
208,63
278,63
252,63
286,63
365,63
2,62
42,62
125,62
224,62
244,62
258,62
9,61
64,61
100,61
113,61
155,61
220,61
367,61
33,60
85,60
169,60
211,60
272,60
383,60
43,59
35,59
71,59
170,59
228,59
230,59
306,59
314,59
337,59
343,59
336,59
59,58
197,58
356,58
18,57
74,57
109,57
174,57
239,57
259,57
279,57
300,57
321,57
358,57
131,56
161,56
177,56
299,56
302,56
316,56
80,55
114,55
166,55
320,55
57,54
134,54
149,54
191,54
195,54
315,54
334,54
394,54
396,54
13,53
67,53
69,53
72,53
141,53
157,53
257,53
312,53
89,52
110,52
112,52
183,52
253,52
256,52
297,52
340,52
342,52
361,52
7,51
45,51
96,51
116,51
160,51
193,51
242,51
291,51
348,51
79,50
81,50
158,50
310,50
319,50
330,50
333,50
196,49
249,49
327,49
350,49
357,49
24,48
55,48
133,48
142,48
144,48
255,48
284,48
311,48
376,48
36,47
40,47
62,47
75,47
103,47
122,47
138,47
254,47
308,47
19,46
10,46
31,46
86,46
226,46
248,46
283,46
307,46
317,46
326,46
332,46
346,46
8,45
30,45
82,45
176,45
213,45
304,45
390,45
399,45
23,44
27,44
70,44
187,44
285,44
322,44
338,44
389,44
234,43
243,43
292,43
12,42
78,42
137,42
143,42
232,42
266,42
263,42
370,42
108,41
111,41
172,41
246,41
351,41
38,40
46,40
93,40
126,40
167,40
175,40
181,40
268,40
88,39
104,39
194,39
236,39
373,39
52,38
355,38
385,38
388,38
66,37
107,37
150,37
206,37
313,37
296,37
391,37
274,35
305,35
382,35
117,34
349,34
3,33
152,33
267,33
184,32
121,31
165,31
229,31
14,30
25,30
397,30
37,28
264,27
393,-1
379,-1
331,-1
318,-1
303,-1
290,-1
282,-1
260,-1
188,-1
168,-1
106,-1
98,-1
91,-1
65,-1
11,-1
5,-1
0,-1
1,-1
15,-1
22,-1
41,-1
51,-1
77,-1
17,-1
20,-1
56,-1
61,-1
53,-1
68,-1
21,-1
58,-1
54,-1
60,-1
76,-1
6,-1
26,-1
29,-1
44,-1
28,-1
34,-1
47,-1
49,-1
39,-1
50,-1
127,-1
129,-1
145,-1
83,-1
119,-1
136,-1
151,-1
84,-1
92,-1
102,-1
118,-1
123,-1
124,-1
140,-1
148,-1
97,-1
128,-1
132,-1
135,-1
105,-1
159,-1
139,-1
156,-1
95,-1
120,-1
147,-1
87,-1
99,-1
115,-1
146,-1
101,-1
179,-1
200,-1
217,-1
238,-1
205,-1
216,-1
223,-1
163,-1
192,-1
219,-1
225,-1
235,-1
189,-1
212,-1
214,-1
185,-1
209,-1
233,-1
178,-1
204,-1
218,-1
182,-1
198,-1
237,-1
162,-1
164,-1
202,-1
210,-1
171,-1
221,-1
227,-1
231,-1
241,-1
247,-1
250,-1
295,-1
270,-1
261,-1
275,-1
276,-1
293,-1
298,-1
240,-1
262,-1
277,-1
280,-1
289,-1
265,-1
271,-1
273,-1
245,-1
287,-1
288,-1
269,-1
301,-1
352,-1
387,-1
323,-1
354,-1
372,-1
381,-1
325,-1
395,-1
341,-1
324,-1
364,-1
369,-1
374,-1
329,-1
335,-1
339,-1
360,-1
363,-1
377,-1
380,-1
384,-1
392,-1
344,-1
347,-1
368,-1
386,-1
328,-1
345,-1
362,-1
366,-1
378,-1
398,-1
