398,-1
214,-1
378,-1
366,-1
362,-1
345,-1
328,-1
235,-1
225,-1
163,-1
386,-1
368,-1
344,-1
347,-1
223,-1
392,-1
384,-1
380,-1
377,-1
363,-1
360,-1
339,-1
335,-1
329,-1
238,-1
200,-1
179,-1
374,-1
369,-1
364,-1
324,-1
341,-1
168,-1
395,-1
101,-1
325,-1
94,70
353,70
371,70
359,66
375,66
130,65
153,65
154,64
146,-1
381,-1
372,-1
115,-1
354,-1
99,-1
90,63
365,63
125,62
100,61
113,61
155,61
367,61
85,60
383,60
337,59
343,59
336,59
356,58
109,57
321,57
358,57
131,56
87,-1
323,-1
147,-1
120,-1
387,-1
95,-1
352,-1
80,55
114,55
320,55
134,54
149,54
334,54
394,54
396,54
141,53
157,53
89,52
110,52
112,52
340,52
342,52
361,52
96,51
116,51
348,51
81,50
158,50
330,50
333,50
327,49
350,49
357,49
399,45
156,-1
139,-1
133,48
142,48
144,48
376,48
103,47
122,47
138,47
86,46
326,46
332,46
346,46
82,45
390,45
322,44
338,44
389,44
143,42
137,42
370,42
351,41
373,39
355,38
385,38
388,38
391,37
382,35
349,34
397,30
393,-1
379,-1
331,-1
159,-1
105,-1
111,41
108,41
93,40
126,40
301,-1
269,-1
88,39
104,39
135,-1
287,-1
132,-1
288,-1
128,-1
245,-1
107,37
150,37
97,-1
148,-1
117,34
152,33
121,31
140,-1
124,-1
123,-1
118,-1
102,-1
92,-1
84,-1
151,-1
136,-1
119,-1
83,-1
273,-1
271,-1
265,-1
145,-1
129,-1
127,-1
289,-1
280,-1
277,-1
262,-1
240,-1
106,-1
298,-1
98,-1
91,-1
50,-1
39,-1
48,78
180,72
294,71
186,71
281,70
309,70
251,69
215,69
207,68
222,68
203,67
293,-1
276,-1
275,-1
261,-1
49,-1
47,-1
32,65
201,65
16,64
63,64
73,64
190,64
199,64
4,63
278,63
252,63
286,63
173,63
208,63
34,-1
28,-1
270,-1
44,-1
2,62
42,62
244,62
258,62
224,62
9,61
64,61
220,61
33,60
272,60
169,60
211,60
43,59
35,59
71,59
306,59
314,59
170,59
228,59
230,59
59,58
197,58
18,57
74,57
259,57
279,57
300,57
174,57
239,57
299,56
302,56
316,56
161,56
177,56
166,55
26,-1
29,-1
6,-1
295,-1
76,-1
60,-1
54,-1
250,-1
57,54
315,54
191,54
195,54
13,53
69,53
72,53
67,53
257,53
312,53
253,52
256,52
297,52
183,52
7,51
45,51
242,51
291,51
160,51
193,51
79,50
310,50
319,50
249,49
196,49
247,-1
241,-1
24,48
55,48
255,48
284,48
311,48
36,47
40,47
62,47
75,47
254,47
308,47
248,46
283,46
307,46
317,46
304,45
285,44
243,43
292,43
266,42
263,42
246,41
268,40
313,37
296,37
274,35
305,35
267,33
264,27
318,-1
303,-1
290,-1
282,-1
58,-1
260,-1
21,-1
231,-1
227,-1
221,-1
216,-1
68,-1
53,-1
19,46
10,46
31,46
226,46
8,45
30,45
213,45
176,45
23,44
27,44
70,44
187,44
234,43
12,42
78,42
232,42
172,41
171,-1
212,-1
46,40
38,40
167,40
175,40
181,40
194,39
236,39
52,38
66,37
206,37
210,-1
205,-1
202,-1
61,-1
56,-1
20,-1
3,33
184,32
165,31
229,31
164,-1
162,-1
17,-1
237,-1
14,30
25,30
37,28
77,-1
198,-1
51,-1
182,-1
41,-1
22,-1
15,-1
219,-1
218,-1
204,-1
192,-1
189,-1
178,-1
1,-1
233,-1
217,-1
209,-1
65,-1
185,-1
188,-1
11,-1
5,-1
0,-1
